Размер матрицы: 5 * 5

Заполненная матрица M случайными числами:
[[ 0.33394232  1.18620317  8.19770567  5.7229533  -0.105199  ]
 [ 1.66913578  6.13037211 -0.34890068 -3.52100261  6.29834189]
 [ 2.47042592 -1.0207555  -0.88845958  6.80326495  3.74061922]
 [ 3.85515956  1.46575913  5.2412481   8.65396017  5.26894353]
 [ 6.5411004   1.66038466 -1.44459569  8.35391245  5.60662512]]

Округлённая матрица M (до тысячных):
[[ 0.334  1.186  8.198  5.723 -0.105]
 [ 1.669  6.13  -0.349 -3.521  6.298]
 [ 2.47  -1.021 -0.888  6.803  3.741]
 [ 3.855  1.466  5.241  8.654  5.269]
 [ 6.541  1.66  -1.445  8.354  5.607]]

Сумма отрицательных элементов: -7.329

Максимальные элементы в нечётных столбцах:
[6.13  8.654]
Их среднее арифметическое: 7.392

Матрица, главная диагональ которой - третья строка матрицы M:
[[ 2.47   0.     0.     0.     0.   ]
 [ 0.    -1.021  0.     0.     0.   ]
 [ 0.     0.    -0.888  0.     0.   ]
 [ 0.     0.     0.     6.803  0.   ]
 [ 0.     0.     0.     0.     3.741]]

Косинусы каждого элемента матрицы M:
[[ 0.94473861  0.37537036 -0.33727272  0.84715666  0.99449256]
 [-0.0980459   0.98829006  0.93971514 -0.9288843   0.99989026]
 [-0.78283166  0.52251358  0.63096491  0.86791124 -0.82567011]
 [-0.75613645  0.10460462  0.50433443 -0.71736889  0.52831182]
 [ 0.96694947 -0.08908542  0.12546481 -0.47944166  0.77996571]]

Подматрица из нечётных строк матрицы M:
[[ 0.33394232  1.18620317  8.19770567  5.7229533  -0.105199  ]
 [ 2.47042592 -1.0207555  -0.88845958  6.80326495  3.74061922]
 [ 6.5411004   1.66038466 -1.44459569  8.35391245  5.60662512]]
